13.171	26.698	5
14.906	31.215	22.61
16.61	95.24	22.61
18.202	103.16	22.61
19.797	103.184	22.61
21.437	103.136	22.61
23.094	103.184	22.61
24.752	103.376	22.61
26.391	103.304	22.61
28.031	103.304	22.61
29.656	103.208	22.61
31.28	103.376	22.61
32.985	103.328	22.61
34.593	103.184	22.61
36.234	103.16	22.61
37.828	102.991	22.61
39.438	103.184	22.61
41.047	103.088	22.61
42.641	103.328	22.61
44.249	103.52	22.61
45.828	103.208	22.61
47.422	103.136	22.61
49.033	103.304	22.61
50.642	103.136	22.61
52.265	103.256	22.61
53.86	103.16	22.61
55.452	103.184	22.61
57.065	103.16	22.61
58.687	103.136	22.61
60.265	103.184	22.61
61.874	103.28	22.61
63.452	102.654	16.96
65.033	79.722	11.04
66.611	54.924	9.28
68.233	45.11	9.28
69.812	45.34	9.28
71.406	46.583	21.66
73	94.002	21.66
74.581	99.008	21.66
76.171	99.083	21.66
77.766	99.284	21.66
79.374	98.681	15.29
80.968	76.029	11.42
82.595	55.621	11.42
84.203	54.265	11.42
85.812	54.36	11.42
87.406	53.597	7.38
89	38.555	2.85
90.609	19.564	2.85
92.205	17.805	2.85
93.781	17.805	2.85
95.454	20.384	15
97.063	67.817	15
98.671	69.85	15
100.297	69.777	15
101.906	70.104	15
103.532	70.752	20
105.157	91.69	20
106.751	91.635	20
108.345	91.69	20
109.922	91.663	20
111.5	91.88	20
113.078	91.744	20
114.641	91.88	20
116.237	91.635	20
117.828	91.499	20
119.422	91.143	14.91
121.046	70.609	12.38
122.657	58.497	12.38
124.265	58.846	12.38
125.862	58.802	12.38
127.47	58.497	12.38
129.078	58.453	12.38
130.673	58.497	12.38
132.281	59.106	12.38
133.894	58.628	12.38
135.484	58.057	8.17
137.094	41.999	3.09
138.673	23.013	3.09
140.265	18.559	3.09
141.862	18.852	3.09
143.47	18.852	3.09
145.078	18.852	3.09
146.735	18.852	3.09
148.329	18.852	3.09
149.94	18.997	3.09
151.532	19.283	3.57
153.126	20.781	3.57
154.735	20.781	3.57
156.345	20.781	3.57
157.972	20.65	3.57
159.578	22.895	19.28
161.172	76.328	19.28
162.797	88.441	19.28
164.423	88.639	19.28
166.048	88.526	19.28
167.656	88.441	19.28
169.282	88.837	19.28
170.923	88.413	19.28
172.593	88.385	19.28
174.222	88.696	19.28
175.844	88.583	19.28
177.455	88.498	19.28
179.095	88.949	19.28
180.704	88.724	19.28
182.33	88.328	19.28
183.97	87.816	17.85
185.611	82.605	17.85
187.219	82.574	17.85
188.844	82.27	17.85
190.472	82.392	17.85
192.095	81.13	12.98
193.705	64.038	12.14
195.345	57.392	12.14
196.938	57.703	12.14
198.612	57.257	12.14
200.235	57.525	12.14
201.861	57.436	12.14
203.486	57.436	12.14
205.094	57.347	12.14
206.707	57.525	12.14
208.345	57.88	12.61
209.953	59.965	12.61
211.594	59.58	12.61
213.206	59.451	12.61
214.845	59.837	12.61
216.455	60.685	17.38
218.08	80.476	17.38
219.704	80.664	17.38
221.346	80.226	17.38
222.985	80.257	17.38
224.673	79.183	13.09
226.268	62.995	13.09
227.908	61.521	13.09
229.535	61.479	13.09
231.173	61.686	13.09
232.798	61.893	13.09
234.454	61.728	13.09
236.064	61.81	13.09
237.705	61.934	13.09
239.313	61.604	13.09
240.908	60.979	11.66
242.502	55.39	11.66
244.094	55.251	11.66
245.675	55.805	11.66
247.283	55.251	11.66
248.876	56.309	18.09
250.47	83.392	18.09
252.142	83.573	18.09
253.739	83.302	18.09
255.345	83.452	18.09
256.94	83.302	18.09
258.532	83.302	18.09
260.143	83.362	18.09
261.739	83.211	18.09
263.345	83.513	18.09
264.956	84.171	20.95
266.548	95.892	20.95
268.159	95.762	20.95
269.753	95.814	20.95
271.361	95.84	20.95
272.97	95.918	20.95
274.564	95.892	20.95
276.173	95.944	20.95
277.799	95.502	20.95
279.409	95.788	20.95
281.002	95.918	20.95
282.61	95.762	20.95
284.267	95.814	20.95
285.845	95.814	20.95
287.458	95.892	20.95
289.048	95.528	15.11
290.661	74.654	9.91
292.305	51.489	5.75
294.013	30.087	1.42
295.666	12.935	1.42
297.264	12.935	1.42
298.864	13.15	1.42
300.473	12.935	1.42
302.119	12.935	1.42
303.742	13.15	1.42
305.35	12.935	1.42
306.961	13.15	1.42
308.569	13.15	1.42
310.15	13.15	1.42
311.82	12.935	1.42
313.414	13.773	17.61
315.101	69.807	17.61
316.711	81.223	17.61
318.354	81.223	17.61
319.96	81.44	17.61
321.585	80.414	12.62
323.201	62.385	8.8
324.811	44.704	8.8
326.422	43.042	8.8
328.03	43.042	8.8
329.654	45.853	21.19
331.249	93.683	21.19
332.857	96.848	21.19
334.47	96.9	21.19
336.092	96.668	21.19
337.703	96.694	21.19
339.311	96.823	21.19
340.921	96.874	21.19
342.548	96.848	21.19
344.155	96.874	21.19
345.863	96.72	21.19
347.511	96.9	21.19
349.12	96.951	21.19
350.716	96.72	21.19
352.338	96.771	21.19
353.979	97.002	21.19
355.589	97.002	21.19
357.214	96.977	21.19
358.838	96.797	21.19
360.479	96.925	21.19
362.106	96.1	15.25
363.746	74.789	14.04
365.388	65.569	14.04
367.027	65.608	14.04
368.635	65.608	14.04
370.235	65.917	14.04
371.87	65.801	14.04
373.528	65.763	14.04
375.151	65.801	14.04
376.856	65.956	14.04
378.481	64.789	9.65
380.104	48.062	7.14
381.728	36.016	7.14
383.339	36.089	7.14
384.979	36.016	7.14
386.59	35.202	5
388.216	26.698	5
389.839	26.798	5
391.465	26.798	5
393.12	26.798	5
394.763	28.162	23.09
396.408	90.593	23.09
398.027	105.324	23.09
399.652	105.23	23.09
401.276	105.535	23.09
402.916	104.852	16.44
404.529	81.068	15.23
406.151	70.931	15.23
407.857	70.716	15.23
409.51	70.86	15.23
411.139	70.752	15.23
412.777	70.824	15.23
414.417	71.038	15.23
416.061	70.86	15.23
417.714	71.074	15.23
419.374	70.752	15.23
420.996	71.11	15.23
422.636	70.745	15.23
424.276	70.788	15.23
425.926	70.716	15.23
427.558	71.713	16.19
429.184	74.924	16.19
430.808	74.924	16.19
432.464	74.857	16.19
434.091	74.924	16.19
435.729	74.924	16.19
437.356	75.026	16.19
439.059	75.261	16.19
440.685	75.026	16.19
442.294	74.992	16.19
443.94	74.416	11.3
445.59	56.218	6.35
447.215	36.668	0
448.873	14.936	0
450.511	11.8	0
452.168	11.8	0
453.808	11.559	0
455.465	11.559	0
457.105	11.559	0
458.778	11.559	0
460.419	11.559	0
462.059	11.559	0
463.718	11.559	0
465.372	11.559	0
466.996	11.559	0
468.621	11.8	0
470.323	11.559	0
471.933	11.559	0
473.542	11.559	0
475.137	11.559	0
476.762	11.559	13.57
478.387	52.185	13.57
479.982	63.639	13.57
481.59	63.839	13.57
483.199	63.479	13.57
484.809	62.955	9.17
486.421	46.971	5.71
488.03	30.7	5.71
489.636	29.82	5.71
491.23	29.82	5.71
492.841	29.998	5.71
494.433	29.909	5.71
496.045	29.82	5.71
497.652	29.82	5.71
499.246	29.82	5.71
500.855	29.909	5.71
502.465	29.73	5.71
504.091	29.73	5.71
505.794	29.55	5.71
507.403	29.909	5.71
509.011	29.909	5.71
510.637	29.82	5.71
512.296	29.82	5.71
513.935	29.73	5.71
515.559	29.909	5.71
517.169	29.909	5.71
518.777	29.909	5.71
520.39	29.641	5.71
522.028	29.82	5.71
523.637	29.909	5.71
525.277	31.805	8.33
526.904	41.373	8.33
528.546	41.373	8.33
530.184	41.309	8.33
531.777	41.309	8.33
533.387	41.373	8.33
535.012	41.309	8.33
536.67	41.056	8.33
538.309	41.056	8.33
539.919	41.373	8.33
541.543	40.928	8.33
543.248	41.373	8.33
544.872	41.373	8.33
546.481	41.246	8.33
548.105	41.309	8.33
549.746	41.373	8.33
551.358	41.309	8.33
552.997	41.309	8.33
554.607	41.309	8.33
556.216	41.246	8.33
557.826	41.373	8.33
559.452	41.373	8.33
561.059	41.246	8.33
562.669	41.373	8.33
564.309	41.373	8.33
565.934	41.373	8.33
567.56	41.373	8.33
569.231	41.436	8.33
570.841	41.309	8.33
572.466	41.373	8.33
574.138	43.344	19.52
575.763	87.559	19.52
577.371	89.51	19.52
579.076	89.9	19.52
580.668	89.426	19.52
582.28	88.865	16.9
583.887	78.222	16.9
585.497	77.963	16.9
587.106	78.19	16.9
588.732	78.222	16.9
590.375	77.672	16.42
591.997	75.963	16.42
593.621	76.195	16.42
595.232	75.996	16.42
596.872	76.029	16.42
598.508	77.183	23.8
600.123	108.126	23.8
601.764	108.264	23.8
603.388	108.378	23.8
605.013	108.263	23.8
606.639	107.966	17.01
608.293	84.736	14.76
609.888	68.787	14.76
611.512	68.676	14.76
613.123	68.676	14.76
614.825	67.819	9.74
616.435	50.425	6.9
618.044	35.574	6.9
619.668	34.976	6.9
621.297	35.051	6.9
622.935	35.051	6.9
624.544	35.127	6.9
626.184	34.976	6.9
627.81	35.127	6.9
629.437	35.051	6.9
631.043	34.212	5.23
632.654	27.78	5.23
634.278	27.78	5.23
635.889	27.78	5.23
637.531	27.78	5.23
639.17	27.876	5.23
640.778	27.78	5.23
642.388	27.78	5.23
644.013	27.78	5.23
645.639	27.876	5.23
647.248	29.096	15.47
648.856	70.169	15.47
650.545	71.925	15.47
652.169	71.89	15.47
653.781	71.819	15.47
655.388	71.996	15.47
657.028	71.819	15.47
658.639	71.643	15.47
660.247	71.749	15.47
661.86	71.819	15.47
663.466	71.038	10.86
665.092	54.123	6.23
666.733	35.051	0
668.341	14.56	0
669.952	11.8	0
671.592	11.559	11.9
673.233	49.232	11.9
674.873	56.4	11.9
676.5	56.309	11.9
678.138	56.4	11.9
679.765	56.582	11.9
681.389	56.718	11.9
683.018	56.446	11.9
684.656	56.898	11.9
686.404	56.627	11.9
688.061	56.446	11.9
689.701	56.446	11.9
691.298	56.536	11.9
692.936	56.627	11.9
694.577	56.218	11.9
696.201	55.713	10.23
697.811	49.494	10.23
699.454	49.703	10.23
701.076	49.022	10.23
702.701	49.285	10.23
704.341	48.651	6.04
705.982	32.629	4.76
707.61	25.356	4.76
709.248	25.672	4.76
710.873	25.777	4.76
712.497	25.777	4.76
714.14	25.672	4.76
715.764	25.777	4.76
717.421	25.672	4.76
719.077	25.672	4.76
720.702	27.392	7.38
722.406	37.238	7.38
724.029	37.096	7.38
725.655	37.096	7.38
727.296	37.238	7.38
728.922	37.868	9.04
730.544	44.529	9.04
732.171	44.354	9.04
733.811	44.236	9.04
735.468	43.941	9.04
737.094	46.303	24.76
738.749	103.735	24.76
740.389	112.48	24.76
742.046	112.524	24.76
743.67	112.524	24.76
745.311	112.48	24.76
746.951	112.615	24.76
748.608	112.349	24.76
750.232	112.528	24.76
751.876	112.633	24.76
753.499	112.327	24.32
755.139	110.893	21.46
756.764	102.023	14.34
758.404	70.501	9.32
760.109	46.359	3.99
761.765	26.395	6.42
763.406	32.871	6.42
765.046	32.871	6.42
766.673	33.032	6.42
768.311	32.871	6.42
769.951	33.032	6.42
771.608	32.952	6.42
773.248	33.032	6.42
774.905	32.952	6.42
776.545	33.032	6.42
778.186	34.596	10.71
779.826	51.938	10.71
781.455	51.589	10.71
783.093	51.288	10.71
784.734	51.539	10.71
786.374	51.539	10.71
787.998	51.838	10.71
789.627	51.838	10.71
791.265	51.389	10.71
792.89	51.238	10.71
794.53	51.739	10.71
796.267	51.689	10.71
797.921	51.187	10.71
799.562	51.489	10.71
801.186	51.539	10.71
802.827	50.168	6.52
804.483	34.673	1.19
806.124	12.717	1.19
807.78	12.494	1.19
809.453	12.494	1.19
811.141	12.494	1.19
812.796	12.494	1.19
814.436	12.494	1.19
816.109	12.494	1.19
817.767	12.494	1.19
819.422	12.494	1.19
821.094	12.494	1.19
822.749	12.717	1.19
824.407	12.494	1.19
826.032	12.717	1.19
827.656	12.717	8.57
829.264	40.8	8.57
830.891	42.061	8.57
832.595	42.061	8.57
834.25	41.937	8.57
835.874	42.86	15.95
837.531	73.596	15.95
839.173	74.076	15.95
840.828	74.042	15.95
842.452	73.939	15.95
844.092	75.596	20.47
845.733	93.656	20.47
847.362	94.055	20.47
848.984	93.656	20.47
850.624	93.736	20.47
852.249	93.736	20.47
853.875	93.603	20.47
855.534	93.763	20.47
857.188	93.576	20.47
858.859	94.028	20.47
860.499	93.789	20.47
862.128	93.55	20.47
863.78	93.656	20.47
865.437	93.603	20.47
867.077	93.709	20.47
868.814	93.63	20.47
870.484	93.816	20.47
872.125	93.763	20.47
873.749	93.975	20.47
875.389	93.55	20.47
877.034	95.788	24.52
878.686	111.469	24.52
880.329	111.337	24.52
881.969	111.447	24.52
883.628	111.668	24.52
885.28	111.469	24.52
886.937	111.403	24.52
888.577	111.513	24.52
890.234	111.601	24.52
891.86	111.447	24.52
893.5	111.403	24.08
895.141	109.912	23.42
896.798	107.026	23.33
898.44	106.284	23.33
900.094	106.377	23.33
901.751	105.559	16.55
903.484	77.996	11.17
905.128	55.111	7.61
906.766	39.028	7.61
908.423	37.798	7.61
910.063	37.519	3.8
911.704	24.381	3.8
913.361	21.678	3.8
914.985	21.678	3.8
916.609	21.803	3.8
918.22	23.478	6.19
919.862	31.972	6.19
921.5	31.972	6.19
923.109	31.889	6.19
924.719	31.972	6.19
926.36	31.889	6.19
927.986	31.805	6.19
929.609	31.889	6.19
931.235	31.889	6.19
932.876	31.889	6.19
934.516	31.972	6.19
936.142	31.972	6.19
937.781	31.805	6.19
939.486	31.889	6.19
941.11	31.889	6.19
942.72	34.058	14.28
944.345	66.646	14.28
945.969	66.607	14.28
947.61	66.988	14.28
949.234	66.684	14.28
950.846	66.684	14.28
952.485	66.836	14.28
954.109	66.722	14.28
955.736	66.798	14.28
957.36	67.328	14.28
958.971	65.724	9.92
960.579	49.546	5.13
962.203	27.972	2.61
963.814	16.687	2.61
965.438	16.851	2.61
967.081	17.014	2.61
968.703	16.851	2.61
970.33	17.014	2.61
971.97	16.851	2.61
973.595	17.014	2.61
975.313	16.851	2.61
976.922	16.851	2.61
978.532	16.851	2.61
980.14	17.014	2.61
981.769	17.014	2.61
983.375	16.851	2.61
984.986	17.014	2.61
986.626	17.014	2.61
988.267	16.851	2.61
989.909	16.851	2.61
991.531	18.852	12.85
993.126	57.033	12.85
994.766	60.432	12.85
996.391	60.516	12.85
998.033	60.601	12.85
999.688	62.914	23.57
1001.328	105.84	23.57
1002.955	107.256	23.57
1004.581	107.072	23.57
1006.22	107.256	23.57
1007.844	107.233	23.57
1009.47	107.371	23.57
1011.127	107.371	23.57
1012.846	107.21	23.57
1014.486	107.302	23.57
1016.158	107.256	23.57
1017.813	107.463	23.57
1019.455	107.256	23.57
1021.096	107.302	23.57
1022.75	107.095	23.57
1024.348	107.302	23.57
1025.962	107.187	23.57
1027.537	107.095	23.57
1029.117	107.44	23.57
1030.686	107.325	23.57
1032.27	107.348	23.57
1033.866	107.118	23.57
1035.449	107.072	23.15
1037.051	105.065	16.96
1038.682	81.378	11.76
1040.286	57.257	7.01
